70.0 1.0 130.0 322.0 109.0 2
67.0 0.0 115.0 564.0 160.0 1
57.0 1.0 124.0 261.0 141.0 2
64.0 1.0 128.0 263.0 105.0 1
74.0 0.0 120.0 269.0 121.0 1
65.0 1.0 120.0 177.0 140.0 1
56.0 1.0 130.0 256.0 142.0 2
59.0 1.0 110.0 239.0 142.0 2
60.0 1.0 140.0 293.0 170.0 2
63.0 0.0 150.0 407.0 154.0 2
59.0 1.0 135.0 234.0 161.0 1
53.0 1.0 142.0 226.0 111.0 1
44.0 1.0 140.0 235.0 180.0 1
61.0 1.0 134.0 234.0 145.0 2
57.0 0.0 128.0 303.0 159.0 1
71.0 0.0 112.0 149.0 125.0 1
46.0 1.0 140.0 311.0 120.0 2
53.0 1.0 140.0 203.0 155.0 2
64.0 1.0 110.0 211.0 144.0 1
40.0 1.0 140.0 199.0 178.0 1
67.0 1.0 120.0 229.0 129.0 2
48.0 1.0 130.0 245.0 180.0 1
43.0 1.0 115.0 303.0 181.0 1
47.0 1.0 112.0 204.0 143.0 1
54.0 0.0 132.0 288.0 159.0 1
48.0 0.0 130.0 275.0 139.0 1
46.0 0.0 138.0 243.0 152.0 1
51.0 0.0 120.0 295.0 157.0 1
58.0 1.0 112.0 230.0 165.0 2
71.0 0.0 110.0 265.0 130.0 1
57.0 1.0 128.0 229.0 150.0 2
66.0 1.0 160.0 228.0 138.0 1
37.0 0.0 120.0 215.0 170.0 1
59.0 1.0 170.0 326.0 140.0 2
50.0 1.0 144.0 200.0 126.0 2
48.0 1.0 130.0 256.0 150.0 2
61.0 1.0 140.0 207.0 138.0 2
59.0 1.0 160.0 273.0 125.0 2
42.0 1.0 130.0 180.0 150.0 1
48.0 1.0 122.0 222.0 186.0 1
40.0 1.0 152.0 223.0 181.0 2
